0.01 0.434
0.02 0.373
0.03 0.566
0.04 0.563
0.05 0.559
0.06 0.569
0.07 0.561
0.08 0.555
0.09 0.515
0.1 0.561
0.11 0.528
0.12 0.564
0.13 0.559
0.14 0.542
0.15 0.563
0.16 0.563
0.17 0.567
0.18 0.567
0.19 0.574
0.2 0.564
0.21 0.476
0.22 0.521
0.23 0.561
0.24 0.567
0.25 0.563
0.26 0.559
0.27 0.557
0.28 0.568
0.29 0.388
0.3 0.561
0.31 0.410
0.32 0.421
0.33 0.563
0.34 0.560
0.35 0.407
0.36 0.595
0.37 0.446
0.38 0.512
0.39 0.407
0.4 0.598
0.41 0.392
0.42 0.558
0.43 0.556
0.44 0.502
0.45 0.405
0.46 0.556
0.47 0.565
0.48 0.560
0.49 0.559
0.5 0.557
0.51 0.577
0.52 0.570
0.53 0.564
0.54 0.589
0.55 0.398
0.56 0.558
0.57 0.514
0.58 0.568
0.59 0.385
0.6 0.398
0.61 0.509
0.62 0.568
0.63 0.513
0.64 0.546
0.65 0.508
0.66 0.565
0.67 0.385
0.68 0.557
0.69 0.511
0.7 0.505
0.71 0.511
0.72 0.558
0.73 0.385
0.74 0.463
0.75 0.513
0.76 0.585
0.77 0.406
0.78 0.592
0.79 0.512
0.8 0.559
0.81 0.509
0.82 0.415
0.83 0.518
0.84 0.562
0.85 0.516
0.86 0.562
0.87 0.384
0.88 0.387
0.89 0.304
0.9 0.437
0.91 0.510
0.92 0.559
0.93 0.536
0.94 0.557
0.95 0.511
0.96 0.412
0.97 0.380
0.98 0.557
0.99 0.510
1 0.557
1.01 0.507
1.02 0.556
1.03 0.510
1.04 0.558
1.05 0.509
1.06 0.560
1.07 0.511
1.08 0.556
1.09 0.511
1.1 0.566
1.11 0.505
1.12 0.423
1.13 0.523
1.14 0.529
1.15 0.514
1.16 0.561
1.17 0.420
1.18 0.558
1.19 0.413
1.2 0.563
1.21 0.385
1.22 0.563
1.23 0.389
1.24 0.555
1.25 0.510
1.26 0.563
1.27 0.367
1.28 0.558
1.29 0.503
1.3 0.383
1.31 0.374
1.32 0.561
1.33 0.511
1.34 0.559
1.35 0.506
1.36 0.562
1.37 0.512
1.38 0.561
1.39 0.510
1.4 0.559
1.41 0.516
1.42 0.557
1.43 0.350
1.44 0.560
1.45 0.502
1.46 0.387
1.47 0.508
1.48 0.558
1.49 0.509
1.5 0.558
1.51 0.517
1.52 0.567
1.53 0.392
1.54 0.558
1.55 0.506
1.56 0.562
1.57 0.515
1.58 0.382
1.59 0.511
1.6 0.562
1.61 0.512
1.62 0.558
1.63 0.481
1.64 0.548
1.65 0.507
1.66 0.576
1.67 0.505
1.68 0.557
1.69 0.510
1.7 0.565
1.71 0.504
1.72 0.555
1.73 0.510
1.74 0.561
1.75 0.507
1.76 0.566
1.77 0.505
1.78 0.558
1.79 0.508
1.8 0.560
1.81 0.505
1.82 0.560
1.83 0.507
1.84 0.557
1.85 0.508
1.86 0.558
1.87 0.412
1.88 0.413
1.89 0.535
1.9 0.563
1.91 0.523
1.92 0.559
1.93 0.507
1.94 0.558
1.95 0.506
1.96 0.513
1.97 0.507
1.98 0.516
1.99 0.504
2 0.567
2.01 0.385
2.02 0.556
2.03 0.505
2.04 0.397
2.05 0.338
2.06 0.330
2.07 0.322
2.08 0.556
2.09 0.503
2.1 0.562
2.11 0.524
2.12 0.560
2.13 0.515
2.14 0.561
2.15 0.505
2.16 0.560
2.17 0.508
2.18 0.559
2.19 0.502
2.2 0.557
2.21 0.510
2.22 0.560
2.23 0.509
2.24 0.511
2.25 0.509
2.26 0.565
2.27 0.520
2.28 0.557
2.29 0.504
2.3 0.560
2.31 0.505
2.32 0.507
2.33 0.500
2.34 0.559
2.35 0.409
2.36 0.540
2.37 0.512
2.38 0.524
2.39 0.509
2.4 0.386
2.41 0.505
2.42 0.559
2.43 0.505
2.44 0.384
2.45 0.380
2.46 0.557
2.47 0.502
2.48 0.561
2.49 0.504
2.5 0.553
2.51 0.502
2.52 0.537
2.53 0.512
2.54 0.562
2.55 0.504
2.56 0.556
2.57 0.340
2.58 0.540
2.59 0.418
2.6 0.551
2.61 0.507
2.62 0.372
2.63 0.416
2.64 0.419
2.65 0.424
2.66 0.393
2.67 0.382
2.68 0.559
2.69 0.512
2.7 0.383
2.71 0.508
2.72 0.558
2.73 0.508
2.74 0.562
2.75 0.504
2.76 0.557
2.77 0.505
2.78 0.556
2.79 0.389
2.8 0.493
2.81 0.507
2.82 0.526
2.83 0.509
2.84 0.557
2.85 0.512
2.86 0.556
2.87 0.500
2.88 0.518
2.89 0.501
2.9 0.575
2.91 0.385
2.92 0.384
2.93 0.502
2.94 0.557
2.95 0.511
2.96 0.557
2.97 0.503
2.98 0.519
2.99 0.505
3 0.526
3.01 0.515
3.02 0.563
3.03 0.513
3.04 0.596
3.05 0.506
3.06 0.557
3.07 0.414
3.08 0.557
3.09 0.509
3.1 0.557
3.11 0.507
3.12 0.589
3.13 0.506
3.14 0.349
3.15 0.504
3.16 0.382
3.17 0.511
3.18 0.532
3.19 0.504
3.2 0.454
3.21 0.501
3.22 0.385
3.23 0.411
3.24 0.554
3.25 0.382
3.26 0.557
3.27 0.376
3.28 0.395
3.29 0.508
3.3 0.556
3.31 0.511
3.32 0.558
3.33 0.422
3.34 0.390
3.35 0.503
3.36 0.384
3.37 0.504
3.38 0.540
3.39 0.509
3.4 0.405
3.41 0.378
3.42 0.560
3.43 0.505
3.44 0.418
3.45 0.506
3.46 0.559
3.47 0.505
3.48 0.562
3.49 0.509
3.5 0.505
3.51 0.506
3.52 0.562
3.53 0.508
3.54 0.560
3.55 0.509
3.56 0.561
3.57 0.509
3.58 0.560
3.59 0.508
3.6 0.557
3.61 0.385
3.62 0.578
3.63 0.507
3.64 0.384
3.65 0.359
3.66 0.380
3.67 0.394
3.68 0.380
3.69 0.369
3.7 0.398
3.71 0.369
3.72 0.380
3.73 0.401
3.74 0.334
3.75 0.336
3.76 0.365
3.77 0.348
3.78 0.348
3.79 0.351
3.8 0.359
3.81 0.542
3.82 0.559
3.83 0.553
3.84 0.605
3.85 0.376
3.86 0.608
3.87 0.349
3.88 0.558
3.89 0.509
3.9 0.557
3.91 0.502
3.92 0.385
3.93 0.335
3.94 0.341
3.95 0.372
3.96 0.367
3.97 0.383
3.98 0.363
3.99 0.353
4 0.331
4.01 0.502
4.02 0.338
4.03 0.529
4.04 0.353
4.05 0.331
4.06 0.370
4.07 0.365
4.08 0.345
4.09 0.324
4.1 0.353
4.11 0.361
4.12 0.380
4.13 0.374
4.14 0.376
4.15 0.350
4.16 0.378
4.17 0.373
4.18 0.355
4.19 0.363
4.2 0.356
4.21 0.377
4.22 0.564
4.23 0.386
4.24 0.558
4.25 0.384
4.26 0.559
4.27 0.545
4.28 0.559
4.29 0.566
4.3 0.540
4.31 0.385
4.32 0.589
4.33 0.404
4.34 0.488
4.35 0.513
4.36 0.400
4.37 0.506
4.38 0.331
4.39 0.400
4.4 0.310
4.41 0.306
4.42 0.386
4.43 0.328
4.44 0.346
4.45 0.379
4.46 0.345
4.47 0.372
4.48 0.363
4.49 0.376
4.5 0.431
4.51 0.512
4.52 0.590
4.53 0.523
4.54 0.619
4.55 0.379
4.56 0.605
4.57 0.385
4.58 0.412
4.59 0.399
4.6 0.387
4.61 0.382
4.62 0.344
4.63 0.381
4.64 0.345
4.65 0.343
4.66 0.385
4.67 0.505
4.68 0.559
4.69 0.378
4.7 0.375
4.71 0.536
4.72 0.566
4.73 0.396
4.74 0.388
4.75 0.393
4.76 0.595
4.77 0.531
4.78 0.354
4.79 0.384
4.8 0.607
4.81 0.559
4.82 0.558
4.83 0.500
4.84 0.529
4.85 0.395
4.86 0.563
4.87 0.513
4.88 0.561
4.89 0.506
4.9 0.561
4.91 0.506
4.92 0.558
4.93 0.384
4.94 0.563
4.95 0.506
4.96 0.563
4.97 0.378
4.98 0.484
4.99 0.363
5 0.561
5.01 0.501
5.02 0.555
5.03 0.501
5.04 0.559
5.05 0.383
5.06 0.560
5.07 0.503
5.08 0.562
5.09 0.499
5.1 0.556
5.11 0.548
5.12 0.549
5.13 0.381
5.14 0.550
5.15 0.383
5.16 0.568
5.17 0.501
5.18 0.557
5.19 0.506
5.2 0.555
5.21 0.508
5.22 0.532
5.23 0.389
5.24 0.560
5.25 0.350
5.26 0.564
5.27 0.502
5.28 0.552
5.29 0.502
5.3 0.555
5.31 0.498
5.32 0.559
5.33 0.502
5.34 0.508
5.35 0.503
5.36 0.519
5.37 0.381
5.38 0.557
5.39 0.500
5.4 0.556
5.41 0.498
5.42 0.344
5.43 0.383
5.44 0.396
5.45 0.497
5.46 0.560
5.47 0.499
5.48 0.557
5.49 0.505
5.5 0.505
5.51 0.498
5.52 0.559
5.53 0.498
5.54 0.579
5.55 0.401
5.56 0.555
5.57 0.499
5.58 0.527
5.59 0.499
5.6 0.564
5.61 0.539
5.62 0.594
5.63 0.500
5.64 0.542
5.65 0.506
5.66 0.555
5.67 0.498
5.68 0.559
5.69 0.497
5.7 0.562
5.71 0.506
5.72 0.556
5.73 0.507
5.74 0.558
5.75 0.495
5.76 0.559
5.77 0.384
5.78 0.563
5.79 0.354
5.8 0.383
5.81 0.442
5.82 0.429
5.83 0.376
5.84 0.314
5.85 0.393
5.86 0.375
5.87 0.373
5.88 0.394
5.89 0.390
5.9 0.389
5.91 0.498
5.92 0.557
5.93 0.499
5.94 0.556
5.95 0.498
5.96 0.606
5.97 0.509
5.98 0.523
5.99 0.498
6 0.558
6.01 0.383
6.02 0.395
6.03 0.400
6.04 0.395
6.05 0.395
6.06 0.394
6.07 0.497
6.08 0.394
6.09 0.383
6.1 0.362
6.11 0.349
6.12 0.385
6.13 0.391
6.14 0.372
6.15 0.371
6.16 0.562
6.17 0.339
6.18 0.382
6.19 0.531
6.2 0.559
6.21 0.500
6.22 0.560
6.23 0.497
6.24 0.513
6.25 0.501
6.26 0.524
6.27 0.453
6.28 0.383
6.29 0.382
6.3 0.559
6.31 0.496
6.32 0.364
6.33 0.499
6.34 0.342
6.35 0.358
6.36 0.331
6.37 0.541
6.38 0.562
6.39 0.518
6.4 0.394
6.41 0.496
6.42 0.525
6.43 0.505
6.44 0.564
6.45 0.504
6.46 0.567
6.47 0.520
6.48 0.564
6.49 0.501
6.5 0.561
6.51 0.424
6.52 0.559
6.53 0.517
6.54 0.558
6.55 0.360
6.56 0.390
6.57 0.501
6.58 0.561
6.59 0.519
6.6 0.395
6.61 0.504
6.62 0.558
6.63 0.491
6.64 0.555
6.65 0.499
6.66 0.555
6.67 0.524
6.68 0.556
6.69 0.546
6.7 0.554
6.71 0.521
6.72 0.555
6.73 0.396
6.74 0.373
6.75 0.352
6.76 0.333
6.77 0.383
6.78 0.375
6.79 0.361
6.8 0.388
6.81 0.391
6.82 0.392
6.83 0.508
6.84 0.568
6.85 0.521
6.86 0.578
6.87 0.539
6.88 0.585
6.89 0.509
6.9 0.552
6.91 0.379
6.92 0.388
6.93 0.404
6.94 0.390
6.95 0.385
6.96 0.350
6.97 0.373
6.98 0.359
6.99 0.352
7 0.359
7.01 0.384
7.02 0.519
7.03 0.479
7.04 0.382
7.05 0.427
7.06 0.559
7.07 0.523
7.08 0.387
7.09 0.504
7.1 0.561
7.11 0.522
7.12 0.531
7.13 0.520
7.14 0.348
7.15 0.528
7.16 0.558
7.17 0.457
7.18 0.556
7.19 0.525
7.2 0.403
7.21 0.521
7.22 0.560
7.23 0.524
7.24 0.513
7.25 0.520
7.26 0.526
7.27 0.519
7.28 0.560
7.29 0.532
7.3 0.566
7.31 0.517
7.32 0.558
7.33 0.518
7.34 0.550
7.35 0.398
7.36 0.388
7.37 0.537
7.38 0.555
7.39 0.557
7.4 0.556
7.41 0.550
7.42 0.557
7.43 0.558
7.44 0.558
7.45 0.566
7.46 0.557
7.47 0.537
7.48 0.559
7.49 0.556
7.5 0.560
7.51 0.560
7.52 0.558
7.53 0.561
7.54 0.556
7.55 0.556
7.56 0.561
7.57 0.557
7.58 0.558
7.59 0.557
7.6 0.560
7.61 0.567
7.62 0.558
7.63 0.550
7.64 0.550
7.65 0.531
7.66 0.510
7.67 0.560
7.68 0.559
7.69 0.563
7.7 0.382
7.71 0.567
7.72 0.561
7.73 0.568
7.74 0.557
7.75 0.558
7.76 0.565
7.77 0.564
7.78 0.570
7.79 0.560
7.8 0.542
7.81 0.398
7.82 0.559
7.83 0.558
7.84 0.556
7.85 0.528
7.86 0.561
7.87 0.558
7.88 0.555
7.89 0.559
7.9 0.560
7.91 0.558
7.92 0.560
7.93 0.569
7.94 0.556
7.95 0.535
7.96 0.557
7.97 0.555
7.98 0.530
7.99 0.606
8 0.524
8.01 0.555
8.02 0.576
8.03 0.496
8.04 0.560
8.05 0.573
8.06 0.562
8.07 0.557
8.08 0.567
8.09 0.566
8.1 0.573
8.11 0.601
8.12 0.561
8.13 0.398
8.14 0.558
8.15 0.537
8.16 0.562
8.17 0.564
8.18 0.555
8.19 0.555
8.2 0.560
8.21 0.513
8.22 0.556
8.23 0.564
8.24 0.562
8.25 0.568
8.26 0.539
8.27 0.589
8.28 0.561
8.29 0.556
8.3 0.556
8.31 0.557
8.32 0.562
8.33 0.498
8.34 0.562
8.35 0.383
8.36 0.559
8.37 0.560
8.38 0.561
8.39 0.588
8.4 0.562
8.41 0.562
8.42 0.542
8.43 0.562
8.44 0.557
8.45 0.558
8.46 0.558
8.47 0.559
8.48 0.563
8.49 0.548
8.5 0.571
8.51 0.560
8.52 0.556
8.53 0.571
8.54 0.384
8.55 0.562
8.56 0.381
8.57 0.559
8.58 0.556
8.59 0.557
8.6 0.472
8.61 0.434
8.62 0.552
8.63 0.555
8.64 0.560
8.65 0.563
8.66 0.470
8.67 0.585
8.68 0.559
8.69 0.544
8.7 0.563
8.71 0.566
8.72 0.491
8.73 0.561
8.74 0.555
8.75 0.558
8.76 0.550
8.77 0.452
8.78 0.556
8.79 0.557
8.8 0.560
8.81 0.555
8.82 0.555
8.83 0.557
8.84 0.541
8.85 0.560
8.86 0.539
8.87 0.381
8.88 0.558
8.89 0.561
8.9 0.558
8.91 0.557
8.92 0.556
8.93 0.533
8.94 0.556
8.95 0.566
8.96 0.391
8.97 0.557
8.98 0.557
8.99 0.561
9 0.561
9.01 0.561
9.02 0.567
9.03 0.559
9.04 0.555
9.05 0.564
9.06 0.550
9.07 0.555
9.08 0.558
9.09 0.558
9.1 0.557
9.11 0.556
9.12 0.558
9.13 0.561
9.14 0.556
9.15 0.556
9.16 0.561
9.17 0.451
9.18 0.386
9.19 0.556
9.2 0.550
9.21 0.549
9.22 0.554
9.23 0.516
9.24 0.386
9.25 0.557
9.26 0.558
9.27 0.554
9.28 0.384
9.29 0.553
9.3 0.559
9.31 0.557
9.32 0.559
9.33 0.571
9.34 0.557
9.35 0.557
9.36 0.558
9.37 0.565
9.38 0.560
9.39 0.559
9.4 0.558
9.41 0.559
9.42 0.560
9.43 0.555
9.44 0.564
9.45 0.558
9.46 0.401
9.47 0.560
9.48 0.558
9.49 0.558
9.5 0.560
9.51 0.563
9.52 0.559
9.53 0.564
9.54 0.559
9.55 0.560
9.56 0.557
9.57 0.566
9.58 0.548
9.59 0.564
9.6 0.509
9.61 0.485
9.62 0.560
9.63 0.559
9.64 0.565
9.65 0.503
9.66 0.558
9.67 0.556
9.68 0.559
9.69 0.563
9.7 0.557
9.71 0.557
9.72 0.547
9.73 0.543
9.74 0.559
9.75 0.395
9.76 0.558
9.77 0.556
9.78 0.560
9.79 0.385
9.8 0.568
9.81 0.562
9.82 0.559
9.83 0.557
9.84 0.558
9.85 0.564
9.86 0.558
9.87 0.558
9.88 0.557
9.89 0.559
9.9 0.498
9.91 0.558
9.92 0.559
9.93 0.391
9.94 0.564
9.95 0.572
9.96 0.566
9.97 0.561
9.98 0.478
9.99 0.515
10 0.563
