0.1 0.456
0.2 0.466
0.3 0.456
0.4 0.462
0.5 0.459
0.6 0.457
0.7 0.535
0.8 0.529
0.9 0.463
1 0.484
1.1 0.469
1.2 0.463
1.3 0.483
1.4 0.458
1.5 0.469
1.6 0.457
1.7 0.466
1.8 0.495
1.9 0.469
2 0.408
2.1 0.361
2.2 0.354
2.3 0.463
2.4 0.363
2.5 0.355
2.6 0.354
2.7 0.463
2.8 0.452
2.9 0.410
3 0.377
3.1 0.473
3.2 0.461
3.3 0.343
3.4 0.452
3.5 0.462
3.6 0.463
3.7 0.436
3.8 0.487
3.9 0.469
4 0.400
4.1 0.457
4.2 0.459
4.3 0.457
4.4 0.461
4.5 0.432
4.6 0.463
4.7 0.400
4.8 0.402
4.9 0.458
5 0.470
5.1 0.354
5.2 0.382
5.3 0.351
5.4 0.343
5.5 0.380
5.6 0.460
5.7 0.423
5.8 0.473
5.9 0.458
6 0.463
6.1 0.468
6.2 0.470
6.3 0.391
6.4 0.455
6.5 0.376
6.6 0.478
6.7 0.395
6.8 0.477
6.9 0.393
7 0.454
7.1 0.463
7.2 0.457
7.3 0.462
7.4 0.459
7.5 0.465
7.6 0.468
7.7 0.484
7.8 0.462
7.9 0.470
8 0.455
8.1 0.462
8.2 0.458
8.3 0.456
8.4 0.457
8.5 0.487
8.6 0.464
8.7 0.477
8.8 0.462
8.9 0.467
9 0.460
9.1 0.465
9.2 0.466
9.3 0.457
9.4 0.463
9.5 0.463
9.6 0.477
9.7 0.492
9.8 0.464
9.9 0.457
10 0.463
